50
Accuracy: 79.25257731958763 
Precision: 68.55670103092784 
Recall: 87.21311475409837 
F1 Score: 76.76767676767676 
 
