36
Accuracy: 90.72164948453609 
Precision: 91.75627240143369 
Recall: 83.93442622950819 
F1 Score: 87.67123287671232 
 
