16
Accuracy: 76.15979381443299 
Precision: 98.38709677419355 
Recall: 40.0 
F1 Score: 56.876456876456885 
 
