49
Accuracy: 80.54123711340206 
Precision: 70.26315789473684 
Recall: 87.54098360655738 
F1 Score: 77.95620437956204 
 
