3
Accuracy: 63.78865979381443 
Precision: 100.0 
Recall: 7.868852459016394 
F1 Score: 14.589665653495443 
 
