24
Accuracy: 84.14948453608247 
Precision: 98.9247311827957 
Recall: 60.32786885245902 
F1 Score: 74.949083503055 
 
