14
Accuracy: 74.22680412371135 
Precision: 98.1651376146789 
Recall: 35.08196721311476 
F1 Score: 51.69082125603865 
 
