9
Accuracy: 69.71649484536083 
Precision: 100.0 
Recall: 22.950819672131146 
F1 Score: 37.333333333333336 
 
