26
Accuracy: 85.4381443298969 
Precision: 97.52475247524752 
Recall: 64.59016393442623 
F1 Score: 77.7120315581854 
 
