11
Accuracy: 71.26288659793815 
Precision: 97.67441860465115 
Recall: 27.54098360655738 
F1 Score: 42.966751918158565 
 
