34
Accuracy: 90.33505154639175 
Precision: 93.56060606060606 
Recall: 80.98360655737706 
F1 Score: 86.8189806678383 
 
