45
Accuracy: 87.11340206185567 
Precision: 81.15501519756839 
Recall: 87.54098360655738 
F1 Score: 84.22712933753944 
 
