32
Accuracy: 90.33505154639175 
Precision: 96.37096774193549 
Recall: 78.36065573770492 
F1 Score: 86.43761301989149 
 
