25
Accuracy: 84.40721649484536 
Precision: 97.42268041237114 
Recall: 61.967213114754095 
F1 Score: 75.75150300601202 
 
