38
Accuracy: 90.97938144329896 
Precision: 90.10238907849829 
Recall: 86.55737704918033 
F1 Score: 88.2943143812709 
 
