19
Accuracy: 79.25257731958763 
Precision: 98.64864864864865 
Recall: 47.868852459016395 
F1 Score: 64.45916114790286 
 
