5
Accuracy: 65.72164948453609 
Precision: 100.0 
Recall: 12.786885245901638 
F1 Score: 22.674418604651162 
 
