2
Accuracy: 62.75773195876289 
Precision: 100.0 
Recall: 5.245901639344262 
F1 Score: 9.968847352024921 
 
