8
Accuracy: 68.68556701030928 
Precision: 100.0 
Recall: 20.327868852459016 
F1 Score: 33.787465940054496 
 
