20
Accuracy: 80.15463917525774 
Precision: 98.70967741935483 
Recall: 50.1639344262295 
F1 Score: 66.52173913043478 
 
