7
Accuracy: 67.78350515463917 
Precision: 100.0 
Recall: 18.0327868852459 
F1 Score: 30.555555555555557 
 
