17
Accuracy: 77.19072164948454 
Precision: 98.48484848484848 
Recall: 42.62295081967213 
F1 Score: 59.49656750572082 
 
