46
Accuracy: 82.9896907216495 
Precision: 74.2296918767507 
Recall: 86.88524590163934 
F1 Score: 80.06042296072509 
 
