42
Accuracy: 87.24226804123711 
Precision: 81.59509202453987 
Recall: 87.21311475409837 
F1 Score: 84.31061806656102 
 
