48
Accuracy: 81.5721649484536 
Precision: 71.7741935483871 
Recall: 87.54098360655738 
F1 Score: 78.87740029542097 
 
