29
Accuracy: 88.4020618556701 
Precision: 97.77777777777777 
Recall: 72.1311475409836 
F1 Score: 83.01886792452831 
 
