18
Accuracy: 78.22164948453609 
Precision: 98.57142857142858 
Recall: 45.24590163934426 
F1 Score: 62.022471910112365 
 
