13
Accuracy: 73.19587628865979 
Precision: 98.01980198019803 
Recall: 32.459016393442624 
F1 Score: 48.76847290640395 
 
