39
Accuracy: 89.43298969072166 
Precision: 86.79867986798679 
Recall: 86.22950819672131 
F1 Score: 86.51315789473684 
 
