15
Accuracy: 75.25773195876289 
Precision: 98.29059829059828 
Recall: 37.704918032786885 
F1 Score: 54.502369668246445 
 
