23
Accuracy: 83.24742268041237 
Precision: 98.88268156424581 
Recall: 58.032786885245905 
F1 Score: 73.14049586776858 
 
