1
Accuracy: 61.72680412371135 
Precision: 100.0 
Recall: 2.622950819672131 
F1 Score: 5.1118210862619815 
 
