31
Accuracy: 90.20618556701031 
Precision: 97.5103734439834 
Recall: 77.04918032786885 
F1 Score: 86.08058608058609 
 
