40
Accuracy: 88.78865979381443 
Precision: 85.16129032258064 
Recall: 86.55737704918033 
F1 Score: 85.85365853658537 
 
