12
Accuracy: 72.16494845360825 
Precision: 97.84946236559139 
Recall: 29.836065573770494 
F1 Score: 45.7286432160804 
 
