47
Accuracy: 81.95876288659794 
Precision: 72.6027397260274 
Recall: 86.88524590163934 
F1 Score: 79.1044776119403 
 
