21
Accuracy: 81.18556701030928 
Precision: 98.77300613496932 
Recall: 52.78688524590164 
F1 Score: 68.8034188034188 
 
