37
Accuracy: 91.23711340206185 
Precision: 91.28919860627178 
Recall: 85.90163934426229 
F1 Score: 88.51351351351352 
 
