33
Accuracy: 90.85051546391753 
Precision: 95.703125 
Recall: 80.32786885245902 
F1 Score: 87.34402852049911 
 
