10
Accuracy: 70.23195876288659 
Precision: 97.43589743589743 
Recall: 24.91803278688525 
F1 Score: 39.686684073107045 
 
