27
Accuracy: 86.46907216494846 
Precision: 97.61904761904762 
Recall: 67.21311475409836 
F1 Score: 79.6116504854369 
 
