35
Accuracy: 91.1082474226804 
Precision: 93.38235294117648 
Recall: 83.27868852459017 
F1 Score: 88.04159445407278 
 
