44
Accuracy: 86.98453608247422 
Precision: 81.09756097560977 
Recall: 87.21311475409837 
F1 Score: 84.04423380726698 
 
