4
Accuracy: 64.69072164948454 
Precision: 100.0 
Recall: 10.163934426229508 
F1 Score: 18.45238095238095 
 
