41
Accuracy: 87.5 
Precision: 82.70440251572327 
Recall: 86.22950819672131 
F1 Score: 84.43017656500803 
 
