22
Accuracy: 82.21649484536083 
Precision: 98.83040935672514 
Recall: 55.40983606557377 
F1 Score: 71.00840336134453 
 
