30
Accuracy: 89.43298969072166 
Precision: 97.85407725321889 
Recall: 74.75409836065575 
F1 Score: 84.75836431226766 
 
