6
Accuracy: 66.75257731958763 
Precision: 100.0 
Recall: 15.40983606557377 
F1 Score: 26.704545454545453 
 
