28
Accuracy: 87.37113402061856 
Precision: 97.6958525345622 
Recall: 69.50819672131148 
F1 Score: 81.22605363984674 
 
