44
Accuracy: 53.91439875314711 
Precision: 7.14670981661273 
Recall: 39.78978978978979 
F1 Score: 12.117055326931872 
 
