12
Accuracy: 81.76477640570675 
Precision: 6.598984771573605 
Recall: 9.75975975975976 
F1 Score: 7.874015748031496 
 
