30
Accuracy: 66.89845342285098 
Precision: 7.436001625355547 
Recall: 27.47747747747748 
F1 Score: 11.704509114166932 
 
