7
Accuracy: 85.73312552451743 
Precision: 4.035087719298246 
Recall: 3.453453453453453 
F1 Score: 3.7216828478964405 
 
