16
Accuracy: 78.52775446589138 
Precision: 7.865168539325842 
Recall: 15.765765765765765 
F1 Score: 10.494752623688155 
 
