19
Accuracy: 76.59753027214963 
Precision: 9.200507614213198 
Recall: 21.77177177177177 
F1 Score: 12.934879571810884 
 
