5
Accuracy: 87.48351516604723 
Precision: 2.030456852791878 
Recall: 1.2012012012012012 
F1 Score: 1.509433962264151 
 
