47
Accuracy: 53.422850977101064 
Precision: 8.69899923017706 
Recall: 50.9009009009009 
F1 Score: 14.858645627876395 
 
