14
Accuracy: 79.70267354034289 
Precision: 5.617977528089887 
Recall: 9.75975975975976 
F1 Score: 7.131102578167854 
 
