11
Accuracy: 82.58002637573433 
Precision: 7.088331515812432 
Recall: 9.75975975975976 
F1 Score: 8.2122552116235 
 
