27
Accuracy: 69.4760820045558 
Precision: 7.998212689901697 
Recall: 26.876876876876878 
F1 Score: 12.327823691460054 
 
