21
Accuracy: 74.57139431722814 
Precision: 8.30945558739255 
Recall: 21.77177177177177 
F1 Score: 12.028204064703445 
 
