13
Accuracy: 80.96151540582663 
Precision: 6.178707224334601 
Recall: 9.75975975975976 
F1 Score: 7.566938300349244 
 
