4
Accuracy: 88.41865483754945 
Precision: 2.5316455696202533 
Recall: 1.2012012012012012 
F1 Score: 1.6293279022403258 
 
