37
Accuracy: 60.220597050713344 
Precision: 6.975989617131733 
Recall: 32.28228228228228 
F1 Score: 11.472785485592315 
 
