23
Accuracy: 72.90492746673061 
Precision: 8.446298227320124 
Recall: 24.324324324324326 
F1 Score: 12.538699690402474 
 
