10
Accuracy: 83.87483515166048 
Precision: 8.034610630407911 
Recall: 9.75975975975976 
F1 Score: 8.8135593220339 
 
