6
Accuracy: 87.11185709147584 
Precision: 5.054945054945055 
Recall: 3.453453453453453 
F1 Score: 4.1034790365744875 
 
