35
Accuracy: 62.246733005634816 
Precision: 6.606081789584062 
Recall: 28.37837837837838 
F1 Score: 10.71732350439467 
 
