15
Accuracy: 79.15118091355953 
Precision: 5.403158769742311 
Recall: 9.75975975975976 
F1 Score: 6.955591225254147 
 
