49
Accuracy: 51.648483395276344 
Precision: 8.380716934487022 
Recall: 50.9009009009009 
F1 Score: 14.39184886436001 
 
