32
Accuracy: 64.69248291571755 
Precision: 6.918714555765596 
Recall: 27.47747747747748 
F1 Score: 11.054062216852916 
 
