34
Accuracy: 63.24181752787435 
Precision: 6.8034557235421165 
Recall: 28.37837837837838 
F1 Score: 10.975609756097562 
 
