38
Accuracy: 59.549214722455346 
Precision: 6.8514977692797965 
Recall: 32.28228228228228 
F1 Score: 11.303890641430073 
 
