20
Accuracy: 75.81824721256444 
Precision: 8.836075563680684 
Recall: 21.77177177177177 
F1 Score: 12.57043779800607 
 
