29
Accuracy: 68.06138352715502 
Precision: 7.741116751269035 
Recall: 27.47747747747748 
F1 Score: 12.07920792079208 
 
