48
Accuracy: 52.47572233545138 
Precision: 8.5261569416499 
Recall: 50.9009009009009 
F1 Score: 14.605773373545885 
 
