39
Accuracy: 58.2544059465292 
Precision: 6.623536660505238 
Recall: 32.28228228228228 
F1 Score: 10.991820040899796 
 
