28
Accuracy: 68.4330416017264 
Precision: 7.843977711101586 
Recall: 27.47747747747748 
F1 Score: 12.204068022674225 
 
