25
Accuracy: 71.10658194461095 
Precision: 8.03657362848893 
Recall: 25.075075075075077 
F1 Score: 12.17201166180758 
 
