24
Accuracy: 72.48531351156936 
Precision: 8.294930875576037 
Recall: 24.324324324324326 
F1 Score: 12.371134020618557 
 
