8
Accuracy: 84.65411821124566 
Precision: 3.4848484848484853 
Recall: 3.453453453453453 
F1 Score: 3.469079939668175 
 
