17
Accuracy: 77.64057067497902 
Precision: 7.5124025513819985 
Recall: 15.915915915915916 
F1 Score: 10.207029369282619 
 
