3
Accuracy: 89.31782759860928 
Precision: 3.319502074688797 
Recall: 1.2012012012012012 
F1 Score: 1.7640573318632855 
 
