18
Accuracy: 76.7413979139192 
Precision: 7.133243606998654 
Recall: 15.915915915915916 
F1 Score: 9.851301115241636 
 
