46
Accuracy: 52.89533629061264 
Precision: 7.390963698093497 
Recall: 42.492492492492495 
F1 Score: 12.591768631813125 
 
