33
Accuracy: 63.625464572593216 
Precision: 6.882738528769118 
Recall: 28.37837837837838 
F1 Score: 11.07854630715123 
 
