36
Accuracy: 60.832034528234026 
Precision: 6.3444108761329305 
Recall: 28.37837837837838 
F1 Score: 10.37037037037037 
 
