40
Accuracy: 58.002637573432445 
Precision: 7.466266866566716 
Recall: 37.38738738738739 
F1 Score: 12.446888277930517 
 
