41
Accuracy: 57.18738760340487 
Precision: 7.317073170731707 
Recall: 37.38738738738739 
F1 Score: 12.238879331531088 
 
