9
Accuracy: 83.77892339048076 
Precision: 3.1377899045020468 
Recall: 3.453453453453453 
F1 Score: 3.288062902072909 
 
