42
Accuracy: 56.28821484234504 
Precision: 7.452884066247859 
Recall: 39.189189189189186 
F1 Score: 12.523992322456815 
 
