22
Accuracy: 73.80410022779044 
Precision: 8.015478164731896 
Recall: 21.77177177177177 
F1 Score: 11.717171717171716 
 
