31
Accuracy: 65.41182112456539 
Precision: 7.079303675048355 
Recall: 27.47747747747748 
F1 Score: 11.258074438634265 
 
