45
Accuracy: 53.554729648723175 
Precision: 7.089352594970573 
Recall: 39.78978978978979 
F1 Score: 12.03451407811081 
 
