43
Accuracy: 55.55688766334972 
Precision: 7.325287678922257 
Recall: 39.189189189189186 
F1 Score: 12.343343580042564 
 
