26
Accuracy: 70.33928785517324 
Precision: 7.796451914098973 
Recall: 25.075075075075077 
F1 Score: 11.894586894586896 
 
