50
Accuracy: 50.43759741038245 
Precision: 8.17655571635311 
Recall: 50.9009009009009 
F1 Score: 14.089775561097257 
 
